{
  "chaotic_input": [
    0.4,
    0.9576,
    0.16200293759999998,
    0.5416743633777924,
    0.9905703572738522,
    0.037269491011177866,
    0.14316309944327296,
    0.48944303134026335,
    0.9970553161467423,
    0.011714690634145814,
    0.04619405206339336,
    0.1758000448532579,
    0.5781286124405731,
    0.9731447204732617,
    0.10427495321823332,
    0.3726727325247786,
    0.9328131901596008,
    0.2500642422712381,
    0.7482531468641132,
    0.7515977965375397,
    0.7449272096220447,
    0.7581425413271683,
    0.7316160891450334,
    0.7834524091241482,
    0.676922379729249,
    0.8726069014882484,
    0.4435447468836738,
    0.9847830895383306,
    0.059791570829707034,
    0.22430399016081842,
    0.6942269235334282,
    0.846980849677212,
    0.5171211169295473,
    0.9963304007467884,
    0.014587971845184558,
    0.05735690006128836,
    0.2157276734458245,
    0.6750650849783502,
    0.875215341925877,
    0.43576165426195435,
    0.9810350053979889,
    0.07423524109120945,
    0.27421023658464444,
    0.7940857411199828,
    0.6524191717109428,
    0.904805900418851,
    0.3436674101144723,
    0.8999848841453368,
    0.35914824889641345,
    0.9183415290021026,
    0.29921155679760986,
    0.8366391642946787,
    0.5453295515212916,
    0.9893014747179255,
    0.04223042668706458,
    0.16138360081808326,
    0.5400023474782406,
    0.9911152506629581,
    0.035135184159376595,
    0.13526380494391851,
    0.4667003569838882,
    0.9930756237622482,
    0.02743695271336463,
    0.1064698236932852,
    0.3795846613406638,
    0.939645583400074,
    0.2262799263772663,
    0.6985585119709014,
    0.8401923241223667,
    0.5357340386068082,
    0.9924050831545402,
    0.030073563993445566,
    0.11638488752128903,
    0.41032938745700426,
    0.9654171331721942,
    0.1332136996776063,
    0.46071656148428514,
    0.9913426777189444,
    0.03424366847739056,
    0.1319534481899385,
    0.4570215254458877,
    0.990129874392756,
    0.03899309784868743,
    0.149515818313712,
    0.5073717451668954,
    0.9972831729190457,
    0.010810689266950434,
    0.04266833487545027,
    0.16298251481688278,
    0.5443126665765811,
    0.9896651864476824,
    0.040809740672814086,
    0.1561857798987367,
    0.5258492104040787,
    0.9948339551027279,
    0.020506033940792066,
    0.08014129068611649,
    0.2941374702109867,
    0.8284062691271817,
    0.5671757963678807
  ],
  "decayed": [
    0.4,
    0.9063428104173743,
    0.1451241212324967,
    0.4592650019869258,
    0.7949114528596579,
    0.028307091250497633,
    0.10291560515388753,
    0.333012584682462,
    0.6420755118188927,
    0.007140128600966669,
    0.026648307185422243,
    0.09598666545695153,
    0.29876157728416863,
    0.4759771094929736,
    0.048272189395476985,
    0.16328751039304445,
    0.38683733695033107,
    0.0981507579381889,
    0.27797066861139963,
    0.2642678153952275,
    0.24790253674610155,
    0.23879561982603523,
    0.21810573930569577,
    0.22105728070041436,
    0.1807754420374862,
    0.2205604096823713,
    0.10610960869381773,
    0.22298015445377492,
    0.012813682225970431,
    0.04549664185634082,
    0.1332760620461067,
    0.1538978834942891,
    0.08893233302283311,
    0.16217322434858825,
    0.0022473930970183095,
    0.008363309211296577,
    0.029771910118891867,
    0.08817690326214149,
    0.1082012989953033,
    0.050988815166856084,
    0.1086472579983449,
    0.007781310509664112,
    0.02720411755083423,
    0.07456357694704854,
    0.05798216228972146,
    0.07610820395327349,
    0.027360419760088475,
    0.06781534536015553,
    0.025613850626919465,
    0.06198886722460329,
    0.019115963662845056,
    0.05058996510565563,
    0.031209986345640105,
    0.05358849483031585,
    0.0021650938609634397,
    0.007831032332495737,
    0.02480068179711801,
    0.043082459450398125,
    0.0014455293697793507,
    0.005267137334881524,
    0.017200439029312127,
    0.03464113216022677,
    0.0009058451994346457,
    0.003327001555296157,
    0.011226476725191498,
    0.026303119562690228,
    0.005995115682316486,
    0.017517119169861026,
    0.019941001299965896,
    0.01203443899235429,
    0.021099586565518403,
    0.0006051711573399153,
    0.0022166558433353513,
    0.00739677924334383,
    0.016471509234405074,
    0.002151174488020019,
    0.007041560737233088,
    0.01434059811668637,
    0.00046884803764424846,
    0.0017099401862431625,
    0.005605381651890864,
    0.011493943369053744,
    0.0004284232041031268,
    0.0015548222400210976,
    0.004993766561220121,
    0.009290280068006486,
    9.531737125555966e-05,
    0.00035606781826887226,
    0.0012872900129534412,
    0.004069042094710677,
    0.007002294816795449,
    0.0002732903458485932,
    0.0009899432583590903,
    0.003154557112693556,
    0.0056485389145763685,
    0.00011019846717682896,
    0.0004076228967756737,
    0.001415992483397568,
    0.003774525194651272,
    0.0024459354860881964
  ],
  "entropy": "SampleEntropy",
  "curvature": "ApproximateEntropy",
  "evolution": "PermutationEntropy",
  "einstein": {
    "curvature": [
      [
        0.0005251084571394416,
        0.000533508551887743,
        0.0005420338560233285,
        0.0005506759457599738,
        0.0005594248139485696,
        0.0005682687218839703,
        0.0005771940492013062,
        0.0005861851447955356,
        0.0005952241824431842,
        0.0006042910256209133,
        0.0006133631068809314,
        0.0006224153280259557,
        0.0006314199881805666,
        0.0006403467476204161,
        0.0006491626358192344,
        0.0006578321125145578,
        0.0006663171905735108,
        0.0006745776289507645,
        0.0006825712029658696,
        0.000690254057395544,
        0.0006975811454174616,
        0.0007045067532421285,
        0.0007109851063792349,
        0.0007169710490336008,
        0.0007224207833293918,
        0.0007272926502211809,
        0.0007315479294402986,
        0.0007351516320630836,
        0.0007380732566966458,
        0.000740287479234009,
        0.000741774746910617,
        0.0007425217501263297,
        0.0007425217501263297,
        0.000741774746910617,
        0.000740287479234009,
        0.0007380732566966458,
        0.0007351516320630836,
        0.0007315479294402986,
        0.0007272926502211809,
        0.0007224207833293918,
        0.0007169710490336008,
        0.000710985106379235,
        0.0007045067532421285,
        0.0006975811454174616,
        0.000690254057395544,
        0.0006825712029658696,
        0.0006745776289507645,
        0.0006663171905735108,
        0.0006578321125145578,
        0.0006491626358192345,
        0.0006403467476204161,
        0.0006314199881805666,
        0.0006224153280259557,
        0.0006133631068809314,
        0.0006042910256209133,
        0.0005952241824431842,
        0.0005861851447955356,
        0.0005771940492013062,
        0.0005682687218839703,
        0.0005594248139485696,
        0.0005506759457599738,
        0.0005420338560233285,
        0.000533508551887743,
        0.0005251084571394416
      ],
      [
        0.000533508551887743,
        0.0005423251152921611,
        0.0005512872981957726,
        0.0005603871272604101,
        0.0005696149323248109,
        0.0005789591713622641,
        0.0005884062503731128,
        0.000597940341219789,
        0.0006075432013095597,
        0.0006171940000394794,
        0.0006268691580210498,
        0.0006365422062664736,
        0.0006461836736943617,
        0.0006557610124300517,
        0.0006652385713415416,
        0.0006745776289507645,
        0.0006837364971552694,
        0.0006926707069363916,
        0.0007013332862614574,
        0.0007096751385655405,
        0.0007176455274105739,
        0.0007251926691103411,
        0.0007322644303055728,
        0.0007388091218070464,
        0.0007447763737529279,
        0.0007501180706344003,
        0.0007547893185307865,
        0.00075874941154251,
        0.0007619627605230145,
        0.0007643997453470601,
        0.0007660374525416775,
        0.0007668602633712424,
        0.0007668602633712424,
        0.0007660374525416775,
        0.0007643997453470601,
        0.0007619627605230145,
        0.00075874941154251,
        0.0007547893185307865,
        0.0007501180706344003,
        0.0007447763737529279,
        0.0007388091218070464,
        0.0007322644303055728,
        0.0007251926691103411,
        0.0007176455274105739,
        0.0007096751385655407,
        0.0007013332862614574,
        0.0006926707069363916,
        0.0006837364971552694,
        0.0006745776289507645,
        0.0006652385713415416,
        0.0006557610124300517,
        0.0006461836736943617,
        0.0006365422062664736,
        0.0006268691580210498,
        0.0006171940000394794,
        0.0006075432013095597,
        0.000597940341219789,
        0.0005884062503731128,
        0.0005789591713622641,
        0.0005696149323248109,
        0.0005603871272604102,
        0.0005512872981957726,
        0.0005423251152921612,
        0.000533508551887743
      ],
      [
        0.0005420338560233285,
        0.0005512872981957726,
        0.0005607090036247693,
        0.000570291635260066,
        0.0005800260495137522,
        0.0005899010912271571,
        0.0005999033795215411,
        0.0006100170874942282,
        0.0006202237197835841,
        0.0006305018932535412,
        0.0006408271274291967,
        0.0006511716528205827,
        0.0006615042468513171,
        0.0006717901086848383,
        0.0006819907857043403,
        0.0006920641656104229,
        0.0007019645488764927,
        0.0007116428164412928,
        0.0007210467067989064,
        0.0007301212148493681,
        0.0007388091218070462,
        0.0007470516610022962,
        0.0007547893185307865,
        0.0007619627605230145,
        0.0007685138706170452,
        0.0007743868725040807,
        0.0007795295038442804,
        0.0007838942002248697,
        0.0007874392420245551,
        0.0007901298138877044,
        0.0007919389266653813,
        0.0007928481555310313,
        0.0007928481555310313,
        0.0007919389266653813,
        0.0007901298138877044,
        0.0007874392420245551,
        0.0007838942002248697,
        0.0007795295038442804,
        0.0007743868725040807,
        0.0007685138706170452,
        0.0007619627605230145,
        0.0007547893185307865,
        0.0007470516610022962,
        0.0007388091218070462,
        0.0007301212148493681,
        0.0007210467067989064,
        0.000711642816441293,
        0.0007019645488764927,
        0.0006920641656104229,
        0.0006819907857043403,
        0.0006717901086848385,
        0.0006615042468513171,
        0.0006511716528205827,
        0.0006408271274291968,
        0.0006305018932535414,
        0.0006202237197835841,
        0.0006100170874942282,
        0.0005999033795215413,
        0.0005899010912271571,
        0.0005800260495137522,
        0.000570291635260066,
        0.0005607090036247694,
        0.0005512872981957726,
        0.0005420338560233285
      ],
      [
        0.0005506759457599738,
        0.0005603871272604101,
        0.000570291635260066,
        0.0005803829883759663,
        0.0005906527966892271,
        0.0006010905236125834,
        0.0006116832335404444,
        0.0006224153280259557,
        0.0006332682744603492,
        0.0006442203326940258,
        0.0006552462867354947,
        0.0006663171905735107,
        0.0006774001392431481,
        0.0006884580784174495,
        0.0006994496679298447,
        0.000710329216547462,
        0.0007210467067989064,
        0.0007315479294402985,
        0.0007417747469106167,
        0.0007516655035557229,
        0.0007611555971825351,
        0.0007701782213993223,
        0.0007786652810880318,
        0.0007865484743095576,
        0.0007937605232760304,
        0.0008002365253293772,
        0.0008059153830200031,
        0.0008107412614992869,
        0.0008146650127786445,
        0.0008176455012063008,
        0.0008196507638101199,
        0.0008206589435983715,
        0.0008206589435983715,
        0.0008196507638101199,
        0.0008176455012063008,
        0.0008146650127786445,
        0.0008107412614992869,
        0.0008059153830200032,
        0.0008002365253293772,
        0.0007937605232760304,
        0.0007865484743095578,
        0.0007786652810880318,
        0.0007701782213993223,
        0.0007611555971825351,
        0.000751665503555723,
        0.000741774746910617,
        0.0007315479294402986,
        0.0007210467067989064,
        0.0007103292165474621,
        0.0006994496679298448,
        0.0006884580784174495,
        0.0006774001392431481,
        0.0006663171905735108,
        0.0006552462867354947,
        0.0006442203326940259,
        0.0006332682744603492,
        0.0006224153280259557,
        0.0006116832335404445,
        0.0006010905236125834,
        0.0005906527966892271,
        0.0005803829883759663,
        0.000570291635260066,
        0.0005603871272604102,
        0.0005506759457599738
      ],
      [
        0.0005594248139485696,
        0.0005696149323248109,
        0.0005800260495137522,
        0.0005906527966892271,
        0.0006014878072228794,
        0.0006125214425380109,
        0.0006237414974383937,
        0.0006351328872049545,
        0.0006466773201460306,
        0.0006583529609962537,
        0.0006701340926019864,
        0.0006819907857043402,
        0.0006938885893004866,
        0.0007057882569545626,
        0.0007176455274105739,
        0.0007294109807340788,
        0.0007410299937040404,
        0.0007524428199391777,
        0.0007635848208516691,
        0.0007743868725040807,
        0.0007847759703257188,
        0.0007946760480023396,
        0.0008040090184093008,
        0.0008126960331716562,
        0.0008206589435983715,
        0.0008278219300545026,
        0.0008341132504466731,
        0.000839467042943238,
        0.0008438251051397848,
        0.000847138563473265,
        0.0008493693444112838,
        0.000850491363885475,
        0.000850491363885475,
        0.0008493693444112838,
        0.000847138563473265,
        0.0008438251051397848,
        0.000839467042943238,
        0.0008341132504466731,
        0.0008278219300545026,
        0.0008206589435983715,
        0.0008126960331716562,
        0.0008040090184093008,
        0.0007946760480023396,
        0.0007847759703257188,
        0.0007743868725040807,
        0.0007635848208516692,
        0.0007524428199391777,
        0.0007410299937040404,
        0.0007294109807340788,
        0.0007176455274105739,
        0.0007057882569545629,
        0.0006938885893004866,
        0.0006819907857043403,
        0.0006701340926019864,
        0.0006583529609962537,
        0.0006466773201460306,
        0.0006351328872049545,
        0.0006237414974383939,
        0.0006125214425380109,
        0.0006014878072228794,
        0.0005906527966892271,
        0.0005800260495137523,
        0.0005696149323248109,
        0.0005594248139485696
      ],
      [
        0.0005682687218839703,
        0.0005789591713622641,
        0.0005899010912271571,
        0.0006010905236125834,
        0.0006125214425380109,
        0.0006241854412477425,
        0.000636071391364002,
        0.0006481650753847336,
        0.0006604487955870526,
        0.0006729009643422221,
        0.000685495683251608,
        0.0006982023213994563,
        0.0007109851063792349,
        0.0007238027455283186,
        0.0007366080988754186,
        0.0007493479294521696,
        0.0007619627605230145,
        0.0007743868725040807,
        0.0007865484743095576,
        0.0007983700839192572,
        0.0008097691503853546,
        0.0008206589435983715,
        0.0008309497283643489,
        0.0008405502254489903,
        0.0008493693444112838,
        0.00085731815205988,
        0.0008643120176753774,
        0.0008702728538608556,
        0.0008751313526206486,
        0.0008788291028241406,
        0.000881320470146687,
        0.0008825741257202772,
        0.0008825741257202772,
        0.000881320470146687,
        0.0008788291028241406,
        0.0008751313526206486,
        0.0008702728538608556,
        0.0008643120176753774,
        0.00085731815205988,
        0.0008493693444112838,
        0.0008405502254489906,
        0.0008309497283643489,
        0.0008206589435983717,
        0.0008097691503853546,
        0.0007983700839192572,
        0.0007865484743095578,
        0.0007743868725040807,
        0.0007619627605230145,
        0.0007493479294521696,
        0.0007366080988754187,
        0.0007238027455283188,
        0.0007109851063792349,
        0.0006982023213994563,
        0.000685495683251608,
        0.0006729009643422221,
        0.0006604487955870526,
        0.0006481650753847336,
        0.0006360713913640021,
        0.0006241854412477427,
        0.0006125214425380109,
        0.0006010905236125834,
        0.0005899010912271572,
        0.0005789591713622641,
        0.0005682687218839703
      ],
      [
        0.0005771940492013062,
        0.0005884062503731128,
        0.0005999033795215411,
        0.0006116832335404444,
        0.0006237414974383937,
        0.000636071391364002,
        0.0006486632803078091,
        0.0006615042468513171,
        0.0006745776289507645,
        0.0006878625268866786,
        0.0007013332862614574,
        0.0007149589673523815,
        0.0007287028152613049,
        0.0007425217501263297,
        0.0007563659020758296,
        0.0007701782213993223,
        0.0007838942002248697,
        0.0007974417472952694,
        0.0008107412614992869,
        0.0008237059517285092,
        0.0008362424493444792,
        0.0008482517539611635,
        0.0008596305423952047,
        0.0008702728538608556,
        0.0008800721417216835,
        0.0008889236541267076,
        0.0008967270744471187,
        0.0009033893204509205,
        0.0009088273723639817,
        0.0009129709785978299,
        0.0009157650780233615,
        0.0009171717823041567,
        0.0009171717823041567,
        0.0009157650780233615,
        0.0009129709785978299,
        0.0009088273723639817,
        0.0009033893204509205,
        0.0008967270744471189,
        0.0008889236541267076,
        0.0008800721417216835,
        0.0008702728538608558,
        0.0008596305423952047,
        0.0008482517539611636,
        0.0008362424493444792,
        0.0008237059517285095,
        0.0008107412614992869,
        0.0007974417472952694,
        0.0007838942002248697,
        0.0007701782213993224,
        0.0007563659020758296,
        0.0007425217501263297,
        0.0007287028152613049,
        0.0007149589673523816,
        0.0007013332862614574,
        0.0006878625268866786,
        0.0006745776289507645,
        0.0006615042468513172,
        0.0006486632803078093,
        0.0006360713913640021,
        0.0006237414974383937,
        0.0006116832335404445,
        0.0005999033795215413,
        0.0005884062503731128,
        0.0005771940492013062
      ],
      [
        0.0005861851447955356,
        0.000597940341219789,
        0.0006100170874942282,
        0.0006224153280259557,
        0.0006351328872049545,
        0.0006481650753847336,
        0.0006615042468513171,
        0.0006751393084949262,
        0.0006890551795180782,
        0.0007032322047788478,
        0.0007176455274105739,
        0.0007322644303055728,
        0.0007470516610022962,
        0.0007619627605230145,
        0.0007769454237337508,
        0.0007919389266653813,
        0.0008068736645801272,
        0.0008216708527812533,
        0.0008362424493444792,
        0.000850491363885475,
        0.0008643120176753774,
        0.0008775913162038451,
        0.0008902100840161683,
        0.0009020449919931647,
        0.0009129709785978299,
        0.0009228641295343715,
        0.0009316049368384119,
        0.0009390818124468024,
        0.0009451946881685139,
        0.000949858500100083,
        0.0009530063373322777,
        0.000954592037451007,
        0.000954592037451007,
        0.0009530063373322778,
        0.000949858500100083,
        0.0009451946881685139,
        0.0009390818124468024,
        0.000931604936838412,
        0.0009228641295343715,
        0.0009129709785978299,
        0.0009020449919931649,
        0.0008902100840161685,
        0.0008775913162038451,
        0.0008643120176753774,
        0.000850491363885475,
        0.0008362424493444794,
        0.0008216708527812533,
        0.0008068736645801272,
        0.0007919389266653813,
        0.0007769454237337508,
        0.0007619627605230145,
        0.0007470516610022962,
        0.0007322644303055728,
        0.0007176455274105739,
        0.0007032322047788478,
        0.0006890551795180782,
        0.0006751393084949262,
        0.0006615042468513172,
        0.0006481650753847336,
        0.0006351328872049545,
        0.0006224153280259557,
        0.0006100170874942282,
        0.000597940341219789,
        0.0005861851447955356
      ],
      [
        0.0005952241824431842,
        0.0006075432013095597,
        0.0006202237197835841,
        0.0006332682744603492,
        0.0006466773201460306,
        0.0006604487955870526,
        0.0006745776289507645,
        0.0006890551795180782,
        0.0007038686135409817,
        0.0007190002144729418,
        0.0007344266309941935,
        0.0007501180706344003,
        0.0007660374525416775,
        0.000782139540219018,
        0.0007983700839192572,
        0.0008146650127786446,
        0.0008309497283643489,
        0.0008471385634732652,
        0.0008631344816884066,
        0.0008788291028241406,
        0.0008941031449164899,
        0.0009088273723639817,
        0.0009228641295343715,
        0.0009360695171837642,
        0.0009482962337677305,
        0.0009593970550800662,
        0.0009692288658067282,
        0.0009776570904420781,
        0.0009845603062392499,
        0.0009898347671630312,
        0.0009933985354619263,
        0.0009951949152369028,
        0.0009951949152369028,
        0.0009933985354619265,
        0.0009898347671630312,
        0.0009845603062392499,
        0.0009776570904420781,
        0.0009692288658067282,
        0.0009593970550800662,
        0.0009482962337677305,
        0.0009360695171837642,
        0.0009228641295343717,
        0.0009088273723639817,
        0.0008941031449164899,
        0.0008788291028241406,
        0.0008631344816884066,
        0.0008471385634732652,
        0.0008309497283643489,
        0.0008146650127786446,
        0.0007983700839192572,
        0.000782139540219018,
        0.0007660374525416775,
        0.0007501180706344005,
        0.0007344266309941937,
        0.0007190002144729418,
        0.0007038686135409817,
        0.0006890551795180783,
        0.0006745776289507645,
        0.0006604487955870527,
        0.0006466773201460306,
        0.0006332682744603493,
        0.0006202237197835841,
        0.0006075432013095598,
        0.0005952241824431842
      ],
      [
        0.0006042910256209133,
        0.0006171940000394794,
        0.0006305018932535412,
        0.0006442203326940258,
        0.0006583529609962537,
        0.0006729009643422221,
        0.0006878625268866786,
        0.0007032322047788478,
        0.0007190002144729418,
        0.0007351516320630836,
        0.0007516655035557229,
        0.0007685138706170452,
        0.0007856607227375422,
        0.0008030608952623188,
        0.0008206589435983715,
        0.0008383880372335195,
        0.0008561689328252483,
        0.0008739091029700489,
        0.0008915021151972947,
        0.0009088273723639817,
        0.0009257503382354859,
        0.0009421233770780769,
        0.000957787329419852,
        0.0009725739235380221,
        0.0009863090802613543,
        0.000998817105834254,
        0.0010099256855939489,
        0.0010194714960837345,
        0.0010273061556846565,
        0.001033302148582833,
        0.0010373583004097445,
        0.0010394043711323996,
        0.0010394043711323996,
        0.0010373583004097445,
        0.001033302148582833,
        0.0010273061556846565,
        0.0010194714960837345,
        0.001009925685593949,
        0.000998817105834254,
        0.0009863090802613543,
        0.0009725739235380222,
        0.000957787329419852,
        0.000942123377078077,
        0.0009257503382354859,
        0.0009088273723639817,
        0.0008915021151972947,
        0.0008739091029700491,
        0.0008561689328252483,
        0.0008383880372335196,
        0.0008206589435983717,
        0.0008030608952623188,
        0.0007856607227375422,
        0.0007685138706170452,
        0.0007516655035557233,
        0.0007351516320630837,
        0.0007190002144729418,
        0.0007032322047788478,
        0.0006878625268866787,
        0.0006729009643422221,
        0.0006583529609962537,
        0.0006442203326940259,
        0.0006305018932535414,
        0.0006171940000394794,
        0.0006042910256209133
      ],
      [
        0.0006133631068809314,
        0.0006268691580210498,
        0.0006408271274291967,
        0.0006552462867354947,
        0.0006701340926019864,
        0.000685495683251608,
        0.0007013332862614574,
        0.0007176455274105739,
        0.0007344266309941935,
        0.0007516655035557229,
        0.0007693446958050113,
        0.0007874392420245551,
        0.0008059153830200031,
        0.0008247291881937531,
        0.0008438251051397848,
        0.0008631344816884066,
        0.0008825741257202772,
        0.0009020449919931647,
        0.0009214311116132822,
        0.000940598906526333,
        0.0009593970550800662,
        0.0009776570904420781,
        0.0009951949152369028,
        0.0010118133962310639,
        0.0010273061556846565,
        0.00104146259673906,
        0.0010540740889874113,
        0.0010649411038562411,
        0.0010738809422381275,
        0.0010807355610654272,
        0.001085378907825121,
        0.0010877231380248403,
        0.0010877231380248403,
        0.001085378907825121,
        0.0010807355610654272,
        0.0010738809422381275,
        0.0010649411038562411,
        0.0010540740889874115,
        0.00104146259673906,
        0.0010273061556846565,
        0.0010118133962310639,
        0.0009951949152369028,
        0.0009776570904420781,
        0.0009593970550800662,
        0.0009405989065263332,
        0.0009214311116132826,
        0.0009020449919931649,
        0.0008825741257202772,
        0.0008631344816884066,
        0.000843825105139785,
        0.0008247291881937531,
        0.0008059153830200031,
        0.0007874392420245553,
        0.0007693446958050114,
        0.000751665503555723,
        0.0007344266309941935,
        0.0007176455274105739,
        0.0007013332862614574,
        0.000685495683251608,
        0.0006701340926019864,
        0.0006552462867354947,
        0.0006408271274291968,
        0.0006268691580210498,
        0.0006133631068809314
      ],
      [
        0.0006224153280259557,
        0.0006365422062664736,
        0.0006511716528205827,
        0.0006663171905735107,
        0.0006819907857043402,
        0.0006982023213994563,
        0.0007149589673523815,
        0.0007322644303055728,
        0.0007501180706344003,
        0.0007685138706170452,
        0.0007874392420245551,
        0.0008068736645801272,
        0.0008267871533895351,
        0.0008471385634732652,
        0.000867873753950463,
        0.0008889236541267076,
        0.0009102022994109807,
        0.0009316049368384119,
        0.0009530063373322777,
        0.000974259492649416,
        0.0009951949152369028,
        0.0010156207926091698,
        0.0010353242654053847,
        0.0010540740889874113,
        0.001071624890602134,
        0.0010877231380248401,
        0.0011021147871742858,
        0.001114554381278445,
        0.0011248151518240322,
        0.001132699454656023,
        0.0011380487062238839,
        0.0011407519094575255,
        0.0011407519094575255,
        0.0011380487062238839,
        0.0011326994546560231,
        0.0011248151518240322,
        0.001114554381278445,
        0.0011021147871742858,
        0.0010877231380248403,
        0.001071624890602134,
        0.0010540740889874115,
        0.0010353242654053847,
        0.0010156207926091698,
        0.0009951949152369028,
        0.000974259492649416,
        0.0009530063373322778,
        0.000931604936838412,
        0.0009102022994109807,
        0.0008889236541267076,
        0.0008678737539504632,
        0.0008471385634732652,
        0.0008267871533895351,
        0.0008068736645801273,
        0.0007874392420245553,
        0.0007685138706170452,
        0.0007501180706344003,
        0.0007322644303055728,
        0.0007149589673523816,
        0.0006982023213994563,
        0.0006819907857043402,
        0.0006663171905735108,
        0.0006511716528205828,
        0.0006365422062664736,
        0.0006224153280259557
      ],
      [
        0.0006314199881805666,
        0.0006461836736943617,
        0.0006615042468513171,
        0.0006774001392431481,
        0.0006938885893004866,
        0.0007109851063792349,
        0.0007287028152613049,
        0.0007470516610022962,
        0.0007660374525416775,
        0.0007856607227375422,
        0.0008059153830200031,
        0.0008267871533895351,
        0.0008482517539611635,
        0.0008702728538608556,
        0.0008927997884364253,
        0.0009157650780233615,
        0.0009390818124468024,
        0.000962641006217678,
        0.0009863090802613543,
        0.0010099256855939489,
        0.001033302148582833,
        0.001056220878563256,
        0.001078436124435605,
        0.0010996764807467128,
        0.0011196495058983502,
        0.0011380487062238839,
        0.0011545629468286884,
        0.0011688880744967886,
        0.0011807402023409376,
        0.001189869758192346,
        0.0011960751084462726,
        0.0011992144135228556,
        0.0011992144135228556,
        0.0011960751084462726,
        0.001189869758192346,
        0.0011807402023409376,
        0.0011688880744967886,
        0.0011545629468286884,
        0.0011380487062238839,
        0.0011196495058983502,
        0.0010996764807467132,
        0.001078436124435605,
        0.001056220878563256,
        0.001033302148582833,
        0.001009925685593949,
        0.0009863090802613545,
        0.0009626410062176783,
        0.0009390818124468024,
        0.0009157650780233615,
        0.0008927997884364255,
        0.0008702728538608558,
        0.0008482517539611635,
        0.0008267871533895352,
        0.0008059153830200034,
        0.0007856607227375423,
        0.0007660374525416775,
        0.0007470516610022963,
        0.000728702815261305,
        0.000710985106379235,
        0.0006938885893004866,
        0.0006774001392431484,
        0.0006615042468513172,
        0.0006461836736943617,
        0.0006314199881805666
      ],
      [
        0.0006403467476204161,
        0.0006557610124300517,
        0.0006717901086848383,
        0.0006884580784174495,
        0.0007057882569545626,
        0.0007238027455283186,
        0.0007425217501263297,
        0.0007619627605230145,
        0.000782139540219018,
        0.0008030608952623188,
        0.0008247291881937531,
        0.0008471385634732652,
        0.0008702728538608556,
        0.0008941031449164899,
        0.0009185849890711224,
        0.0009436552840734043,
        0.0009692288658067282,
        0.0009951949152369028,
        0.0010214133456412345,
        0.0010477114195751734,
        0.0010738809422381275,
        0.0010996764807467128,
        0.0011248151518240322,
        0.0011489785795761906,
        0.0011718176185150815,
        0.0011929603292339438,
        0.0012120234546828344,
        0.0012286272619100823,
        0.0012424131094481833,
        0.0012530625414735128,
        0.0012603162079395122,
        0.0012639906007588097,
        0.0012639906007588097,
        0.0012603162079395122,
        0.0012530625414735128,
        0.0012424131094481833,
        0.0012286272619100825,
        0.0012120234546828346,
        0.0011929603292339438,
        0.0011718176185150815,
        0.0011489785795761906,
        0.0011248151518240324,
        0.0010996764807467132,
        0.0010738809422381275,
        0.0010477114195751736,
        0.0010214133456412347,
        0.0009951949152369028,
        0.0009692288658067282,
        0.0009436552840734043,
        0.0009185849890711226,
        0.0008941031449164899,
        0.0008702728538608556,
        0.0008471385634732652,
        0.0008247291881937532,
        0.0008030608952623188,
        0.000782139540219018,
        0.0007619627605230146,
        0.0007425217501263299,
        0.0007238027455283188,
        0.0007057882569545626,
        0.0006884580784174497,
        0.0006717901086848385,
        0.0006557610124300517,
        0.0006403467476204161
      ],
      [
        0.0006491626358192344,
        0.0006652385713415416,
        0.0006819907857043403,
        0.0006994496679298447,
        0.0007176455274105739,
        0.0007366080988754186,
        0.0007563659020758296,
        0.0007769454237337508,
        0.0007983700839192572,
        0.0008206589435983715,
        0.0008438251051397848,
        0.000867873753950463,
        0.0008927997884364253,
        0.0009185849890711224,
        0.0009451946881685139,
        0.0009725739235380221,
        0.001000643095950812,
        0.0010292932073127606,
        0.001058380838637649,
        0.0010877231380248401,
        0.001117093228997945,
        0.0011462166121050821,
        0.001174769300180532,
        0.0012023785680249327,
        0.0012286272619100823,
        0.0012530625414735128,
        0.0012752096529637755,
        0.0012945908158114299,
        0.0013107485522761983,
        0.0013232718897367179,
        0.0013318229933657285,
        0.0013361611826949113,
        0.0013361611826949113,
        0.0013318229933657285,
        0.001323271889736718,
        0.0013107485522761983,
        0.0012945908158114299,
        0.0012752096529637757,
        0.0012530625414735128,
        0.0012286272619100823,
        0.0012023785680249327,
        0.0011747693001805321,
        0.0011462166121050821,
        0.001117093228997945,
        0.0010877231380248403,
        0.0010583808386376492,
        0.0010292932073127606,
        0.001000643095950812,
        0.0009725739235380222,
        0.0009451946881685141,
        0.0009185849890711224,
        0.0008927997884364253,
        0.000867873753950463,
        0.000843825105139785,
        0.0008206589435983717,
        0.0007983700839192572,
        0.0007769454237337508,
        0.0007563659020758296,
        0.0007366080988754186,
        0.0007176455274105739,
        0.0006994496679298447,
        0.0006819907857043404,
        0.0006652385713415416,
        0.0006491626358192344
      ],
      [
        0.0006578321125145578,
        0.0006745776289507645,
        0.0006920641656104229,
        0.000710329216547462,
        0.0007294109807340788,
        0.0007493479294521696,
        0.0007701782213993223,
        0.0007919389266653813,
        0.0008146650127786446,
        0.0008383880372335195,
        0.0008631344816884066,
        0.0008889236541267076,
        0.0009157650780233615,
        0.0009436552840734043,
        0.0009725739235380221,
        0.0010024791373941205,
        0.001033302148582833,
        0.0010649411038562411,
        0.0010972542864929765,
        0.0011300529610142826,
        0.001163094302793957,
        0.0011960751084462726,
        0.0012286272619100823,
        0.0012603162079395122,
        0.0012906438902663701,
        0.0013190576448324168,
        0.0013449662780569416,
        0.0013677638983274312,
        0.0013868609669697796,
        0.0014017205877640275,
        0.0014118965320423105,
        0.0014170683216586987,
        0.0014170683216586987,
        0.0014118965320423105,
        0.0014017205877640277,
        0.0013868609669697796,
        0.0013677638983274312,
        0.0013449662780569416,
        0.0013190576448324168,
        0.0012906438902663701,
        0.0012603162079395122,
        0.0012286272619100825,
        0.0011960751084462726,
        0.001163094302793957,
        0.0011300529610142828,
        0.0010972542864929767,
        0.0010649411038562413,
        0.001033302148582833,
        0.0010024791373941205,
        0.0009725739235380222,
        0.0009436552840734043,
        0.0009157650780233615,
        0.0008889236541267076,
        0.0008631344816884066,
        0.0008383880372335196,
        0.0008146650127786446,
        0.0007919389266653813,
        0.0007701782213993226,
        0.0007493479294521697,
        0.0007294109807340788,
        0.0007103292165474621,
        0.000692064165610423,
        0.0006745776289507645,
        0.0006578321125145578
      ],
      [
        0.0006663171905735108,
        0.0006837364971552694,
        0.0007019645488764927,
        0.0007210467067989064,
        0.0007410299937040404,
        0.0007619627605230145,
        0.0007838942002248697,
        0.0008068736645801272,
        0.0008309497283643489,
        0.0008561689328252483,
        0.0008825741257202772,
        0.0009102022994109807,
        0.0009390818124468024,
        0.0009692288658067282,
        0.001000643095950812,
        0.001033302148582833,
        0.0010671551178334851,
        0.0011021147871742858,
        0.0011380487062238839,
        0.001174769300180532,
        0.0012120234546828344,
        0.0012494823614904304,
        0.00128673284595916,
        0.0013232718897367179,
        0.001358506523616832,
        0.001391761541843685,
        0.0014222973638084663,
        0.0014493396055721515,
        0.0014721203608058409,
        0.001489928880263257,
        0.001502166669938843,
        0.0015083997407737964,
        0.0015083997407737964,
        0.001502166669938843,
        0.001489928880263257,
        0.0014721203608058409,
        0.0014493396055721521,
        0.0014222973638084665,
        0.001391761541843685,
        0.001358506523616832,
        0.001323271889736718,
        0.00128673284595916,
        0.0012494823614904308,
        0.0012120234546828344,
        0.0011747693001805321,
        0.0011380487062238839,
        0.0011021147871742858,
        0.0010671551178334851,
        0.001033302148582833,
        0.0010006430959508125,
        0.0009692288658067282,
        0.0009390818124468024,
        0.000910202299410981,
        0.0008825741257202773,
        0.0008561689328252483,
        0.0008309497283643489,
        0.0008068736645801273,
        0.0007838942002248699,
        0.0007619627605230146,
        0.0007410299937040404,
        0.0007210467067989064,
        0.0007019645488764927,
        0.0006837364971552695,
        0.0006663171905735108
      ],
      [
        0.0006745776289507645,
        0.0006926707069363916,
        0.0007116428164412928,
        0.0007315479294402985,
        0.0007524428199391777,
        0.0007743868725040807,
        0.0007974417472952694,
        0.0008216708527812533,
        0.0008471385634732652,
        0.0008739091029700489,
        0.0009020449919931647,
        0.0009316049368384119,
        0.000962641006217678,
        0.0009951949152369028,
        0.0010292932073127606,
        0.0010649411038562411,
        0.0011021147871742858,
        0.0011407519094575253,
        0.0011807402023409374,
        0.0012219042279146856,
        0.0012639906007588092,
        0.001306652460241613,
        0.0013494346087518365,
        0.0013917615418436848,
        0.0014329314903318302,
        0.0014721203608058407,
        0.0015083997407737964,
        0.0015407724545124224,
        0.001568227072288157,
        0.001589809147443523,
        0.0016047022662136383,
